Press lowercase wasd to move the tiles.

+-------+-------+-------+-------+
|0	|0	|0	|0	|

+-------+-------+-------+-------+
|0	|0	|0	|2	|

+-------+-------+-------+-------+
|0	|0	|0	|0	|

+-------+-------+-------+-------+
|0	|0	|0	|0	|

+-------+-------+-------+-------+

Input:a

+-------+-------+-------+-------+
|0	|0	|0	|0	|

+-------+-------+-------+-------+
|0	|0	|2	|0	|

+-------+-------+-------+-------+
|0	|0	|0	|0	|

+-------+-------+-------+-------+
|0	|0	|0	|2	|

+-------+-------+-------+-------+

Input:s

+-------+-------+-------+-------+
|0	|0	|0	|0	|

+-------+-------+-------+-------+
|0	|0	|0	|0	|

+-------+-------+-------+-------+
|2	|0	|0	|0	|

+-------+-------+-------+-------+
|0	|0	|2	|2	|

+-------+-------+-------+-------+

Input:a

+-------+-------+-------+-------+
|0	|0	|0	|0	|

+-------+-------+-------+-------+
|2	|0	|0	|0	|

+-------+-------+-------+-------+
|2	|0	|0	|0	|

+-------+-------+-------+-------+
|0	|2	|2	|0	|

+-------+-------+-------+-------+

Input:d

+-------+-------+-------+-------+
|0	|0	|0	|0	|

+-------+-------+-------+-------+
|0	|0	|0	|2	|

+-------+-------+-------+-------+
|0	|0	|0	|2	|

+-------+-------+-------+-------+
|2	|0	|0	|4	|

+-------+-------+-------+-------+

Input:s

+-------+-------+-------+-------+
|0	|0	|2	|0	|

+-------+-------+-------+-------+
|0	|0	|0	|0	|

+-------+-------+-------+-------+
|0	|0	|0	|0	|

+-------+-------+-------+-------+
|2	|0	|0	|8	|

+-------+-------+-------+-------+

Input:a

+-------+-------+-------+-------+
|0	|2	|2	|0	|

+-------+-------+-------+-------+
|0	|0	|0	|0	|

+-------+-------+-------+-------+
|0	|0	|0	|0	|

+-------+-------+-------+-------+
|2	|0	|8	|0	|

+-------+-------+-------+-------+

Input:s

+-------+-------+-------+-------+
|0	|0	|0	|0	|

+-------+-------+-------+-------+
|0	|0	|0	|0	|

+-------+-------+-------+-------+
|0	|0	|2	|0	|

+-------+-------+-------+-------+
|2	|2	|8	|0	|

+-------+-------+-------+-------+

Input:a

+-------+-------+-------+-------+
|0	|0	|0	|0	|

+-------+-------+-------+-------+
|0	|2	|0	|0	|

+-------+-------+-------+-------+
|0	|2	|0	|0	|

+-------+-------+-------+-------+
|4	|8	|0	|0	|

+-------+-------+-------+-------+

Input:s

+-------+-------+-------+-------+
|0	|0	|0	|0	|

+-------+-------+-------+-------+
|0	|0	|0	|2	|

+-------+-------+-------+-------+
|0	|4	|0	|0	|

+-------+-------+-------+-------+
|4	|8	|0	|0	|

+-------+-------+-------+-------+

Input:a

+-------+-------+-------+-------+
|0	|0	|0	|0	|

+-------+-------+-------+-------+
|0	|0	|2	|0	|

+-------+-------+-------+-------+
|4	|0	|0	|0	|

+-------+-------+-------+-------+
|4	|8	|2	|0	|

+-------+-------+-------+-------+

Input:s

+-------+-------+-------+-------+
|0	|0	|0	|0	|

+-------+-------+-------+-------+
|0	|0	|0	|0	|

+-------+-------+-------+-------+
|0	|2	|0	|0	|

+-------+-------+-------+-------+
|8	|8	|4	|0	|

+-------+-------+-------+-------+

Input:a

+-------+-------+-------+-------+
|0	|0	|0	|0	|

+-------+-------+-------+-------+
|0	|0	|2	|0	|

+-------+-------+-------+-------+
|2	|0	|0	|0	|

+-------+-------+-------+-------+
|16	|4	|0	|0	|

+-------+-------+-------+-------+

Input: